5wrg5j;4;gonewild;30;9;7.5;0.25;	
5wrg65;4;RocketLeagueExchange;1;0;7.0;0.5;	
5wrg6u;12;AskReddit;0;0;7.666666666666667;0.25;	
5wrg89;9;dankmemes;382;0;2.111111111111111;0.3333333333333333;	
5wrg8j;11;FIFA;2;9;3.6363636363636362;0.18181818181818182;	
5wrga2;52;intel;21;302;0.019230769230769232;1.7115384615384615;	
5wrgai;3;conspiracy;1;0;13.666666666666666;0.6666666666666666;	
5wrgaq;6;NBA2k;1;329;3.6666666666666665;0.16666666666666666;	
5wrgb6;6;movies;2;0;1.5;0.16666666666666666;	
5wrgb9;32;2007scape;16;9;2.3125;0.0625;	
5wrgc4;57;Random_Acts_Of_Amazon;17;914;10.43859649122807;0.03508771929824561;	
5wrge9;10;Warthunder;1;339;18.5;0.2;	
5wrgfn;1;WNC;20;0;9.0;2.0;	
5wrgg5;171;relationships;1453;1259;1.5964912280701755;0.14619883040935672;	
5wrggk;1;The_Donald;6;0;31.0;1.0;	
5wrggu;6;vegan;3;67;9.5;0.3333333333333333;	
5wrgh0;58;CasualConversation;3;424;1.793103448275862;0.034482758620689655;	
5wrgh6;16;fivenightsatfreddys;6;3699;41.25;0.0625;	
5wrgh9;61;SquaredCircle;0;122;13.344262295081966;0.06557377049180328;	
5wrgii;4;chelseafc;4;0;91.0;1.25;	
5wrgk5;1;Foodforthought;1;9;79.0;1.0;	
5wrgkr;75;fakeid;38;9;1.2933333333333332;0.02666666666666667;	
5wrgkx;26;hawks;15;0;0.23076923076923078;0.038461538461538464;	
5wrgl0;91;MakeupAddiction;41;154;1.2087912087912087;0.02197802197802198;	
5wrgl9;4;MemeEconomy;4;0;63.25;2.25;	
5wrgla;5;mildlyinteresting;36;0;20.6;1.2;	
5wrgle;15;sex;1;9;55.46666666666667;0.13333333333333333;	
5wrglh;15;AskReddit;1;0;0.4666666666666667;0.06666666666666667;	
5wrgmk;45;49ers;25;0;1.288888888888889;0.1111111111111111;	
5wrgmn;11;relationships;2;9;5.909090909090909;0.18181818181818182;	
5wrgmq;14;thedivision;0;9;13.857142857142858;0.14285714285714285;	
5wrgng;21;funkopop;1;0;8.666666666666666;0.047619047619047616;	
5wrgnj;7;ChiefKeef;0;0;3.5714285714285716;0.7142857142857143;	
5wrgnp;22;Amd;2;0;6.2272727272727275;0.09090909090909091;	
5wrgoa;11;youtube;4;53;9.818181818181818;0.09090909090909091;	
5wrgpp;17;BostonBruins;3;9;2.235294117647059;0.058823529411764705;	
5wrgpx;3;uberdrivers;8;0;10.0;1.0;	
5wrgq9;11;AskReddit;2;0;10.545454545454545;0.18181818181818182;	
5wrgqn;2;ecigclassifieds;1;473;8.5;0.5;	
5wrgqs;7;news;0;0;14.857142857142858;0.42857142857142855;	
5wrgqy;68;survivor;298;0;0.3382352941176471;0.22058823529411764;	
5wrgri;1;The_Donald;5;0;36.0;1.0;	
5wrgss;23;aww;930;9;1.8695652173913044;-0.043478260869565216;	
5wrgt4;3;AskReddit;1;9;3.0;0.3333333333333333;	
5wrgu8;15;Pokemongiveaway;1;315;0.7333333333333333;0.13333333333333333;	
5wrgun;16;pokemongo;0;0;5.8125;0.75;	
5wrgv7;2;battlefield_one;0;0;71.0;1.0;	
5wrgwc;6;AskReddit;4;0;47.0;0.16666666666666666;	
5wrgxv;3;drones;1;470;85.0;0.6666666666666666;	
5wrgxy;10;Overwatch;5;214;6.6;0.1;	
5wrgy7;17;flashlight;18;174;12.764705882352942;0.23529411764705882;	
5wrgyg;6;synology;0;4180;55.0;0.6666666666666666;	
5wrgyi;18;pathofexile;0;0;1.3333333333333333;0.0;	
5wrgzf;9;washingtonwizards;2;0;18.555555555555557;0.2222222222222222;	
5wrgzj;1;books;2;0;149.0;1.0;	
5wrgzl;2;Paladins;2;145;41.5;1.5;	
5wrh01;1;Overwatch;2;9;9.0;1.0;	
5wrh0a;31;oculus;166;0;5.419354838709677;0.5161290322580645;	
5wrh2l;7;linux4noobs;3;1101;28.0;0.14285714285714285;	
5wrh2v;21;EliteDangerous;0;40;0.9047619047619048;0.09523809523809523;	
5wrh3n;10;DetroitRedWings;40;0;21.1;1.0;	
5wrh4s;10;SquaredCircle;5;0;9.0;0.1;	
5wrh55;10;relationships;0;9;0.9;0.3;	
5wrh59;3;Showerthoughts;0;9;19.333333333333332;0.3333333333333333;	
5wrh5j;5;The_Donald;15;9;7.4;0.2;	
5wrh5l;9;AskReddit;2;0;5.777777777777778;0.1111111111111111;	
5wrh5m;11;JUSTNOMIL;83;0;117.36363636363636;0.09090909090909091;	
5wrh71;4;meirl;19;0;1.25;0.25;	
5wrh80;3;FashionReps;4;0;4.0;1.0;	
5wrh8c;13;OkCupid;2;0;3.1538461538461537;0.46153846153846156;	
5wrh8i;2;The_Donald;4;9;4.0;0.5;	
5wrh92;12;Amd;3;406;21.0;0.25;	
5wrh9d;9;AskReddit;3;0;7.444444444444445;0.1111111111111111;	
5wrh9f;1;opiates;0;9;60.0;1.0;	
5wrha3;2;UBC;4;285;42.5;5.5;	
5wrhaa;33;pathofexile;0;1232;4.96969696969697;0.21212121212121213;	
5wrhac;22;aww;5647;0;1.1818181818181819;2.0454545454545454;	
5wrhau;7;argentina;0;9;13.285714285714286;0.42857142857142855;	
5wrhbg;21;RocketLeagueExchange;1;3318;5.857142857142857;0.09523809523809523;	
5wrhbo;95;PSVR;71;1082;0.09473684210526316;0.11578947368421053;	
5wrhcg;1;dirtykikpals;1;9;397.0;1.0;	
5wrhcu;6;RWBY;96;0;10.166666666666666;1.3333333333333333;	
5wrhds;58;mechmarket;14;5640;1.396551724137931;0.034482758620689655;	
5wrhe3;18;politics;19;0;6.333333333333333;0.1111111111111111;	
5wrhe6;4;conspiracy;3;0;62.75;0.25;	
5wrhem;8;DBZDokkanBattle;0;9;6.625;0.125;	
5wrheo;7;FIFA;0;9;26.571428571428573;0.2857142857142857;	
5wrhf0;15;pcmasterrace;2;0;1.1333333333333333;0.13333333333333333;	
5wrhfq;3;tf2;4;60;27.0;0.6666666666666666;	
5wrhg1;4;RocketLeagueExchange;1;0;5.75;0.25;	
5wrhge;10;RocketLeagueExchange;1;364;10.4;0.1;	
5wrhgj;153;Eve;880;3094;0.22875816993464052;0.0718954248366013;	
5wrhhw;8;heavensfeel;4;916;1.25;0.25;	
5wrhi6;9;RocketLeagueExchange;1;0;6.111111111111111;0.3333333333333333;	
5wrhif;6;The_Donald;35;0;26.666666666666668;1.6666666666666667;	
5wrhik;110;politics;75;0;2.272727272727273;0.09090909090909091;	
5wrhj5;2;HomeImprovement;1;9;50.0;1.0;	
5wrhjc;12;AskReddit;1;0;1.8333333333333333;0.16666666666666666;	
5wrhjn;1;tf2;0;9;6.0;1.0;	
5wrhjq;45;WorldofTanks;20;0;3.533333333333333;0.2;	
5wrhke;24;RocketLeagueExchange;1;1120;1.2083333333333333;0.041666666666666664;	
5wrhkf;372;NatureIsFuckingLit;16973;0;0.07795698924731183;0.706989247311828;	
5wrhkl;21;AskReddit;2;0;1.2857142857142858;0.14285714285714285;	
5wrhl3;4;AskReddit;0;0;10.25;0.5;	
5wrhl9;1;SuggestALaptop;1;9;70.0;1.0;	
5wrhln;4;sysadmin;1;1220;48.0;0.25;	
5wrhmr;15;ReefTank;6;0;4.133333333333334;0.06666666666666667;	
5wrhna;25;loseit;2;9;2.84;0.08;	
5wrhom;3;Showerthoughts;5;130;8.666666666666666;1.0;	
5wrhq4;4;pics;0;0;5.75;0.25;	
5wrhq7;21;JUSTNOMIL;293;687;9.761904761904763;1.1428571428571428;	
5wrhqe;44;DotA2;12;0;1.2954545454545454;0.06818181818181818;	
5wrhr3;10;RocketLeagueExchange;1;164;2.3;0.1;	
5wrhr6;5;RocketLeagueExchange;1;0;8.6;0.4;	
5wrht9;49;NSFWIAMA;21;79;4.1020408163265305;0.12244897959183673;	
5wrhtb;5;EternalCardGame;0;9;9.8;0.2;	
5wrhto;4;AskReddit;1;0;36.75;0.5;	
5wrhud;7;news;5;0;42.0;0.14285714285714285;	
5wrhuh;13;FIFA;2;9;17.23076923076923;0.07692307692307693;	
5wrhv3;4;Watches;92;0;2.25;2.5;	
5wrhvl;19;teenagers;5;26;6.2105263157894735;0.3684210526315789;	
5wrhw5;1;PrequelMemes;0;9;41.0;1.0;	
5wrhw6;6;FlashTV;4;159;102.5;3.3333333333333335;	
5wrhw8;11;FIFA;2;314;48.36363636363637;0.18181818181818182;	
5wrhwa;3;Overwatch;1;306;53.666666666666664;1.0;	
5wrhx6;3;mtgjudge;7;169;10.0;1.3333333333333333;	
5wrhx8;12;Overwatch;0;149;4.166666666666667;0.16666666666666666;	
5wrhxa;8;FUTMobile;0;72;1.625;-3.375;	
5wrhxb;2;forhonor;14;69;44.5;1.5;	
5wrhxk;21;Whatcouldgowrong;187;0;2.0;1.7619047619047619;	
5wrhy1;11;AskOuija;2;0;2.0;0.7272727272727273;	
5wrhye;8;rocket_league_trading;1;14;2.5;0.125;	
5wrhz3;3;DotA2;0;9;0.3333333333333333;0.3333333333333333;	
5wrhzh;16;Harley;7;350;10.5625;0.0625;	
5wri14;24;ShingekiNoKyojin;48;234;5.583333333333333;1.5833333333333333;	
5wri18;0;The_Donald;4;9;0.0;0.0;	
5wri1a;31;LiverpoolFC;2;3841;37.806451612903224;0.45161290322580644;	
5wri1d;3;TittyDrop;54;0;9.0;1.3333333333333333;	
5wri1g;3;pcmasterrace;2;506;28.333333333333332;1.0;	
5wri27;5;AskReddit;0;9;17.0;0.4;	
5wri2n;1;videos;1;0;89.0;1.0;	
5wri2s;8;cars;1;1481;25.5;0.125;	
5wri38;21;kratom;0;70;6.333333333333333;0.047619047619047616;	
5wri4r;6;Feud;6;0;6.5;1.3333333333333333;	
5wri4x;1;RocketLeagueExchange;1;9;21.0;1.0;	
5wri5w;10;Paladins;4;1174;42.2;0.7;	
5wri6l;22;Overwatch;2;9;4.363636363636363;0.045454545454545456;	
5wri6r;5;multicopterbuilds;6;119;16.6;0.2;	
5wri7j;4;gaming;5;448;34.25;0.25;	
5wri85;2;The_Donald;39;0;24.0;3.0;	
5wri8l;9;StarVStheForcesofEvil;4;0;46.666666666666664;1.0;	
5wri8x;14;RocketLeagueExchange;1;1168;5.0;0.07142857142857142;	
5wri97;6;writing;1;401;32.5;0.3333333333333333;	
5wri9d;52;CompetitiveEDH;58;506;0.17307692307692307;0.019230769230769232;	
5wriao;12;jailbreak;0;122;10.0;0.0;	
5wriav;4;dirtyr4r;2;9;2.25;0.25;	
5wriax;14;funkopop;7;0;4.571428571428571;0.07142857142857142;	
5wrib5;11;FFBraveExvius;15;9;9.090909090909092;0.7272727272727273;	
5wribj;3;trees;1;9;24.333333333333332;0.6666666666666666;	
5wric5;3;The_Donald;9;493;21.333333333333332;0.6666666666666666;	
5wricq;13;AskReddit;0;0;1.0;0.15384615384615385;	
5wricv;29;zelda;1;812;6.758620689655173;0.1724137931034483;	
5wrie2;1;MassiveCock;4;0;9.0;1.0;	
5wrie3;15;relationships;6;9;88.53333333333333;0.9333333333333333;	
5wrie9;11;AskReddit;0;0;16.09090909090909;0.18181818181818182;	
5wriep;30;microgrowery;7;483;2.7;0.03333333333333333;	
5wrieu;1;LGBTGoneWild;32;0;16.0;2.0;	
5wriex;8;RocketLeagueExchange;1;945;6.5;0.125;	
5wrifa;1;weworshipcocks;2;0;16.0;1.0;	
5wrifs;1;monster_cocks;1;0;16.0;1.0;	
5wrigc;1;NSFW_DICK_and_Cock;8;0;16.0;1.0;	
5wrigr;1;cock;3;0;16.0;1.0;	
5wrihm;9;PrequelMemes;31;0;2.0;2.2222222222222223;	
5wrihz;1;ratemycock;2;0;16.0;1.0;	
5wrii2;104;NHLHUT;0;152;3.2884615384615383;0.09615384615384616;	
5wriie;5;RocketLeagueExchange;1;16;11.6;0.2;	
5wriif;7;AskReddit;0;9;10.857142857142858;0.14285714285714285;	
5wriii;3;NintendoSwitch;10;9;25.0;0.3333333333333333;	
5wriiq;25;pathofexile;28;280;3.76;0.16;	
5wrij6;1;CutCocks;1;0;16.0;1.0;	
5wrije;2;Overwatch;5;193;6.0;1.5;	
5wrijt;9;wyoming;14;152;1.7777777777777777;0.3333333333333333;	
5wrik8;3;pcmasterrace;3;0;19.333333333333332;0.3333333333333333;	
5wrikg;25;mechmarket;4;1108;0.72;0.12;	
5wrikl;35;politics;270;0;2.3714285714285714;0.42857142857142855;	
5wrikm;5;DC_Cinematic;0;9;6.2;0.8;	
5wrikw;3;AskReddit;0;9;3.0;0.3333333333333333;	
5wrikz;7;AncientCoins;5;0;37.857142857142854;0.2857142857142857;	
5wril9;3;Wildlands;2;226;41.333333333333336;0.3333333333333333;	
5wrilr;5;masseffect;0;229;16.2;1.6;	
5wrimg;1;ThickDick;9;0;16.0;1.0;	
5wrimi;3;DBZDokkanBattle;3;9;3.0;0.3333333333333333;	
5wriml;25;AskReddit;3;0;11.4;0.16;	
5wrims;1;IndianaGamers;4;0;329.0;1.0;	
5wrimz;1;dicks;9;0;16.0;1.0;	
5wrinc;13;learnpython;3;626;7.846153846153846;0.07692307692307693;	
5wrinr;5;nottheonion;3;0;329.8;0.6;	
5wrioe;7;ClashRoyale;35;2974;2.7142857142857144;0.5714285714285714;	
5wrioh;10;Meditation;2;1115;37.0;0.1;	
5wriok;3;battlefield_one;6;9;37.666666666666664;2.0;	
5wriou;2;Boners;7;0;8.0;0.5;	
5wrioz;2;EliteDangerous;0;0;3.5;0.5;	
5wrip6;9;pathofexile;0;125;11.555555555555555;0.1111111111111111;	
5wripg;8;legaladvice;7;2742;72.25;-0.5;	
5wripx;5;HollowKnight;1;25;29.4;0.2;	
5wripy;1;spotify;1;9;1765.0;1.0;	
5wriq0;1;penis;10;0;16.0;1.0;	
5wriq3;1;anime;3;9;9.0;1.0;	
5wriql;3;FIFA;1;130;6.666666666666667;0.3333333333333333;	
5wriqp;10;AskReddit;2;0;7.0;0.1;	
5wriqq;2;AskReddit;2;9;148.0;1.0;	
5wriqs;1;MenGW;2;0;9.0;1.0;	
5wrir8;6;RocketLeagueExchange;1;0;1.5;0.16666666666666666;	
5wrir9;12;grandorder;5;974;7.166666666666667;0.08333333333333333;	
5wris9;9;AskReddit;4;0;16.444444444444443;0.2222222222222222;	
5wrisc;10;ForHonorVikings;5;587;16.4;0.3;	
5wrisd;1;PrequelMemes;0;9;19.0;2.0;	
5wriu5;74;Portland;115;0;0.8513513513513513;0.12162162162162163;	
5wriu9;12;AskReddit;2;0;19.333333333333332;1.0;	
5wriud;2;embraceyourpenis;8;0;8.0;0.5;	
5wriui;2;argentina;0;9;39.5;2.0;	
5wriul;26;teenmom;31;577;8.307692307692308;1.6923076923076923;	
5wrius;23;satanism;15;1466;21.17391304347826;0.043478260869565216;	
5wriv9;3;NoStupidQuestions;3;0;46.333333333333336;-0.3333333333333333;	
5wrivp;1;The_Donald;5;9;64.0;1.0;	
5wrivq;3;dankmemes;8;0;33.333333333333336;0.3333333333333333;	
5wriw7;7;battlefield_one;0;9;4.0;0.14285714285714285;	
5wriw9;12;Drugs;6;9;2.8333333333333335;0.25;	
5wriwv;8;FashionReps;1;0;1.125;-2.25;	
5wriy6;47;RandomActsofCards;10;529;2.4468085106382977;0.02127659574468085;	
5wriyp;2;pics;0;0;14.5;1.0;	
5wriyt;3;androidthemes;21;0;28.666666666666668;0.6666666666666666;	
5wriyv;3;DarkNetMarkets;1;9;6.666666666666667;0.6666666666666666;	
5wriz2;26;gifs;136;0;0.5384615384615384;0.11538461538461539;	
5wrizl;5;personalfinance;1;9;99.0;0.4;	
5wrizn;4;pcmasterrace;1;9;513.25;0.5;	
5wrizv;3;truezelda;15;9;89.33333333333333;0.3333333333333333;	
5wrj01;2;dungeondefenders;2;412;140.0;1.0;	
5wrj06;9;horizon;2;9;56.111111111111114;0.4444444444444444;	
5wrj0k;5;RocketLeagueExchange;5;14;3.6;0.2;	
5wrj0v;3;cscareerquestions;1;363;8.333333333333334;0.6666666666666666;	
5wrj16;1;WrestleWithThePlot;1;9;29.0;1.0;	
5wrj1g;4;NatureIsFuckingLit;29;0;2.5;0.5;	
5wrj2w;2;Ride2;3;683;61.0;0.5;	
5wrj30;1;hardwareswap;0;9;79.0;1.0;	
5wrj3b;1;nottheonion;1;0;749.0;1.0;	
5wrj3o;10;AskOuija;6;0;0.3;0.9;	
5wrj3y;6;RocketLeagueExchange;1;0;4.333333333333333;0.5;	
5wrj41;26;RocketLeagueExchange;1;0;4.346153846153846;0.11538461538461539;	
5wrj4w;4;PalaceClothing;19;0;30.25;0.25;	
5wrj56;49;teenagers;7;50;9.204081632653061;1.0612244897959184;	
5wrj5c;1;SWGalaxyOfHeroes;1;9;54.0;1.0;	
5wrj5g;21;The_Donald;25;9;2.4761904761904763;0.09523809523809523;	
5wrj5w;11;bostonceltics;8;75;5.545454545454546;2.272727272727273;	
5wrj5z;3;Amoledbackgrounds;7;0;12.0;0.3333333333333333;	
5wrj66;7;boottoobig;217;37;3.4285714285714284;14.142857142857142;	
5wrj6a;3;The_Donald;8;9;116.33333333333333;2.0;	
5wrj6d;10;AskReddit;1;0;5.7;0.5;	
5wrj6k;10;Infinitewarfare;0;9;23.9;0.8;	
5wrj6l;1;StarTrekTimelines;0;9;173.0;1.0;	
5wrj7h;4;gonewild;13;9;33.5;0.75;	
5wrj7w;5;Warframe;0;9;20.6;0.4;	
5wrj8b;113;CFB;97;0;0.7699115044247787;2.2212389380530975;	
5wrj8o;9;relationships;6;905;18.555555555555557;0.4444444444444444;	
5wrj8u;5;AskReddit;1;0;49.8;0.4;	
5wrj9n;4;DBZDokkanBattle;1;9;35.25;0.25;	
5wrj9r;1;AskReddit;3;0;172.0;3.0;	
5wrj9y;7;succulents;12;0;22.571428571428573;0.14285714285714285;	
5wrja5;6;FUTMobile;1;27;35.666666666666664;1.3333333333333333;	
5wrja9;14;Repsneakers;5;9;1.2857142857142858;0.14285714285714285;	
5wrjaj;5;dankmemes;3;0;20.0;0.2;	
5wrjan;1;The_Donald;7;0;122.0;1.0;	
5wrjaq;9;Bowling;4;147;15.0;0.4444444444444444;	
5wrjav;9;SquaredCircle;34;0;1.6666666666666667;0.1111111111111111;	
5wrjbc;11;AskReddit;2;0;23.727272727272727;1.0;	
5wrjbe;4;RocketLeagueExchange;1;57;13.25;0.5;	
5wrjbx;3;GameSale;1;9;80.0;0.6666666666666666;	
5wrjc3;1;The_Donald;3;9;24.0;1.0;	
5wrjcc;1;BiggerThanYouThought;2;9;9.0;1.0;	
5wrjco;1;dankmemes;1;9;100.0;1.0;	
5wrjd0;2;The_Donald;10;9;14.5;2.5;	
5wrjdk;5;vinyl;30;0;1.8;0.2;	
5wrjdl;8;Overwatch;5;9;65.5;1.25;	
5wrjdq;9;LSD;3;458;23.333333333333332;0.8888888888888888;	
5wrje3;1;Fireteams;3;9;9.0;1.0;	
5wrjf3;9;AskReddit;7;0;12.0;1.1111111111111112;	
5wrjf7;24;Overwatch;0;9;40.208333333333336;1.2916666666666667;	
5wrjg6;2;RocketLeagueExchange;3;0;5.0;0.5;	
5wrjge;1;2007scape;1;9;54.0;1.0;	
5wrjgf;4;forhonor;1;9;26.75;0.25;	
5wrjgz;2;The_Donald;13;0;36.0;5.0;	
5wrjh7;2;pics;1;9;4.5;0.5;	
5wrjhl;3;dankmemes;39;0;33.333333333333336;0.3333333333333333;	
5wrji0;5;NintendoSwitch;1;0;52.8;0.4;	
5wrji2;3;AskReddit;1;0;12.333333333333334;0.6666666666666666;	
5wrji4;1;hearthstone;0;112;36.0;1.0;	
5wrji5;1;gonewild;37;0;36.0;2.0;	
5wrjih;2;NintendoSwitch;0;9;4.5;0.5;	
5wrjik;5;Animewallpaper;5;0;33.6;0.2;	
5wrjio;1;iPhoneography;1;0;382.0;1.0;	
5wrjiq;1;Games;1;9;747.0;1.0;	
5wrjiw;4;RocketLeagueExchange;1;5;4.75;0.25;	
5wrjj2;18;syriancivilwar;35;0;0.5;-0.05555555555555555;	
5wrjj6;3;AskReddit;1;0;3.0;1.0;	
5wrjjh;1;ImagesOfSyria;2;0;982.0;1.0;	
5wrjjj;1897;AskReddit;1271;0;0.03110173958882446;0.7944122298365841;	
5wrjjl;1;gonewild;1;9;17.0;1.0;	
5wrjjs;1;me_irl;1;9;677.0;1.0;	
5wrjjv;1;Art;1;9;522.0;1.0;	
5wrjkh;1;SquaredCircle;0;0;229.0;4.0;	
5wrjko;5;AskReddit;2;0;11.4;0.4;	
5wrjkp;3;The_Donald;0;9;22.0;0.6666666666666666;	
5wrjkx;1;EnoughTrumpSpam;51;0;816.0;1.0;	
5wrjl0;3;The_Donald;12;9;10.0;2.0;	
5wrjl7;1;imagesofthe1990s;1;0;944.0;1.0;	
5wrjld;1;horizon;1;9;562.0;1.0;	
5wrjlg;8;RocketLeague;2;54;41.25;0.875;	
5wrjlm;14;oneplus;59;0;4.785714285714286;1.5;	
5wrjlp;1;RandomActsOfBlowJob;17;1396;929.0;1.0;	
5wrjm1;1;Drugs;1;9;913.0;1.0;	
5wrjmb;34;nba;0;9;10.058823529411764;1.2647058823529411;	
5wrjmd;5;neopets;2;0;10.6;0.4;	
5wrjmh;1;AskReddit;1;9;1295.0;1.0;	
5wrjmp;42;TheSilphRoad;40;1595;0.6190476190476191;0.047619047619047616;	
5wrjmv;36;nba;0;1334;4.305555555555555;1.1388888888888888;	
5wrjn7;13;hardwareswap;2;77;52.07692307692308;0.6923076923076923;	
5wrjnv;2;Watchexchange;3;9;921.0;1.0;	
5wrjnw;8;apple;4;320;11.5;0.375;	
5wrjnx;4;blackladies;15;0;22.75;1.5;	
5wrjo2;1;ass;1;9;549.0;1.0;	
5wrjo4;1;grandorder;1;9;775.0;1.0;	
5wrjo8;1;imagesofthe1970s;1;0;948.0;1.0;	
5wrjoj;1;fetish;1;9;390.0;1.0;	
5wrjou;1;dirtykikpals;1;9;424.0;1.0;	
5wrjoy;1;ImagesOfIllinois;1;0;953.0;1.0;	
5wrjp5;26;Amd;4;229;0.34615384615384615;0.038461538461538464;	
5wrjpp;1;ImagesOfThe2010s;1;0;949.0;1.0;	
5wrjpz;1;Watchexchange;5;2136;1065.0;1.0;	
5wrjq4;9;AskReddit;1;9;27.88888888888889;1.0;	
5wrjqb;5;politics;69;0;225.2;0.2;	
5wrjqk;13;Overwatch;0;9;35.61538461538461;1.0769230769230769;	
5wrjqo;3;dankmemes;38;0;33.333333333333336;0.3333333333333333;	
5wrjr0;29;panthers;16;0;0.9655172413793104;0.06896551724137931;	
5wrjrb;1;snapchat;1;9;1424.0;1.0;	
5wrjrh;3;Documentaries;13;0;68.0;0.3333333333333333;	
5wrjrj;32;nba;26;0;0.59375;0.3125;	
5wrjro;1;dankmemes;1;0;875.0;1.0;	
5wrjsa;2;politics;1;0;911.0;1.0;	
5wrjsb;1;AskReddit;1;9;1323.0;2.0;	
5wrjsf;1;imagesofthe1960s;1;0;933.0;1.0;	
5wrjt4;5;Overwatch;10;9;29.0;0.8;	
5wrjt5;3;PhotoshopRequest;2;0;197.33333333333334;0.3333333333333333;	
5wrjtb;20;EnoughTrumpSpam;118;9;23.0;0.05;	
5wrju7;11;Pmsforsale;11;864;30.0;0.09090909090909091;	
5wrjub;1;WritingPrompts;2;0;763.0;1.0;	
5wrjup;1;ClashOfClans;1;0;942.0;1.0;	
5wrjuy;8;funny;18;0;4.5;1.0;	
5wrjv2;23;AskReddit;8;0;30.043478260869566;0.043478260869565216;	
5wrjv6;157;anime;38;595;1.5605095541401275;0.08280254777070063;	
5wrjvg;3;nintendo;0;9;7.0;0.6666666666666666;	
5wrjvh;1;hardwareswap;1;160;667.0;1.0;	
5wrjvk;1;Overwatch;1;9;416.0;1.0;	
5wrjwg;9;legaladvice;9;313;49.333333333333336;0.1111111111111111;	
5wrjwi;3;residentevil;2;271;214.0;0.3333333333333333;	
5wrjwq;0;worldbuilding;0;9;0.0;0.0;	
5wrjww;19;NovemberBumpers2017;11;63;1.7894736842105263;0.05263157894736842;	
5wrjx8;52;MGTOW;188;0;9.403846153846153;0.019230769230769232;	
5wrjxc;1;Overwatch;1;9;416.0;1.0;	
5wrjxe;1;beer;1;0;378.0;1.0;	
5wrjy9;1;Art;1;9;522.0;1.0;	
5wrjyb;29;hardware;4;1172;0.3103448275862069;0.034482758620689655;	
5wrjyl;1;gifs;1;9;603.0;1.0;	
5wrjyn;1;Amry;1;9;250.0;1.0;	
5wrjyr;1;mealtimevideos;3;0;204.0;2.0;	
5wrjz9;9;AskReddit;2;0;8.555555555555555;0.3333333333333333;	
5wrjzh;1;Overwatch;1;9;416.0;1.0;	
5wrk0d;1;c64;1;0;448.0;1.0;	
5wrk1j;1;RealGirls;1;9;392.0;1.0;	
5wrk2b;1;RocketLeagueExchange;1;86;27.0;0.0;	
5wrk2g;1;Art;1;0;618.0;1.0;	
5wrk2p;11;GameSale;2;40;20.454545454545453;0.09090909090909091;	
5wrk2q;1;AskReddit;1;9;327.0;1.0;	
5wrk37;1;RandomActsOfMuffDive;1;271;867.0;1.0;	
5wrk3f;1;RandomActsOfBlowJob;1;211;855.0;1.0;	
5wrk3j;1;ImagesOfBrazil;1;0;988.0;1.0;	
5wrk43;1;DirtySnapchat;1;9;576.0;1.0;	
5wrk48;1;ImagesOfRussia;1;0;966.0;1.0;	
5wrk4p;1;Overwatch;1;9;416.0;1.0;	
5wrk4r;1;ImagesOfBelgium;1;0;944.0;1.0;	
5wrk4u;1;Overwatch;1;0;815.0;1.0;	
5wrk4y;1;pokemontrades;1;662;1158.0;1.0;	
5wrk51;1;dankmemes;1;0;887.0;1.0;	
5wrk52;1;Overwatch;1;0;954.0;1.0;	
